$ 1 0.000005 10.20027730826997 50 5 43 5e-11
w 176 224 240 224 0
w 176 288 240 288 0
L 176 288 144 288 0 1 false 5 0
L 176 224 144 224 0 1 false 5 0
I 240 224 320 224 0 0.5 5
I 240 336 320 336 0 0.5 5
150 432 160 560 160 0 2 5 5
150 432 224 560 224 0 2 0 5
150 432 288 560 288 0 2 0 5
150 432 352 560 352 0 2 0 5
w 240 224 240 144 0
w 240 144 400 144 0
w 368 224 368 272 0
w 368 272 432 272 0
w 368 272 368 368 0
w 368 368 432 368 0
w 240 288 336 288 0
w 336 176 432 176 0
w 336 304 432 304 0
w 240 336 240 288 0
w 400 336 432 336 0
w 400 336 400 240 0
w 400 240 432 240 0
w 320 224 368 224 0
w 320 336 400 336 0
w 400 208 432 208 0
w 336 288 336 304 0
w 336 288 336 176 0
w 400 144 400 208 0
w 400 144 432 144 0
